FootstepKd: [0.46841073050690146, 0.0, 0.0, 0.0, 0.748560743315644, 0.0, 0.0, 0.0,
  0.44242891152442715]
LiftoffSwingFootKd: [5, 0, 0, 0, 5, 0, 0, 0, 1]
LiftoffSwingFootKp: [50, 0, 0, 0, 50, 0, 0, 0, 35]
LiftoffSwingFootW: [1, 0, 0, 0, 1, 0, 0, 0, 1]
PelvisKd: [4.948999143556126, 0.0, 0.0, 0.0, 6.5301848218127985, 0.0, 0.0, 0.0, 7.298373841539416]
PelvisKp: [19.100237370072687, 0.0, 0.0, 0.0, 57.36403593132101, 0.0, 0.0, 0.0, 55.648318752411384]
PelvisRotKd: [10.250875681407072, 0.0, 0.0, 0.0, 7.733517734123472, 0.0, 0.0, 0.0,
  3.9099864773828106]
PelvisRotKp: [400.0, 0, 0, 0, 200.0, 0, 0, 0, 0.0]
PelvisRotW: [5, 0, 0, 0, 1, 0, 0, 0, 5]
PelvisW: [0, 0, 0, 0, 0, 0, 0, 0, 5]
SwingFootKd: [4.511797455205392, 0.0, 0.0, 0.0, 10.116363856408572, 0.0, 0.0, 0.0,
  1.4546311014385775]
SwingFootKp: [132.8249342477374, 0.0, 0.0, 0.0, 113.15628351311878, 0.0, 0.0, 0.0,
  63.12354541559851]
SwingFootW: [10, 0, 0, 0, 100, 0, 0, 0, 5]
W_accel: [0.01, 0.01, 0.01, 0.01, 0.01, 0.01, 1, 1, 1, 1, 0.01, 0.01, 0.01, 0.001,
  1, 1, 1, 1, 0.01, 0.01, 0.01, 0.001]
W_input_reg: [1, 0.9, 0.5, 0.1, 5, 1, 0.9, 0.5, 0.1, 5]
W_lambda_c_reg: [1, 0.001, 0.01, 1, 0.001, 0.01, 1, 0.1, 0.01, 1, 0.1, 0.01]
W_lambda_h_reg: [0.01, 0.01, 0.01, 0.01, 0.02, 0.02]
ekf_filter_tau: [0.05, 0.01, 0.01]
flight_duration: 0.1
footstep_lateral_offset: 0.006180317224739254
footstep_sagital_offset: 0.014871427401484165
hip_yaw_kd: 1
hip_yaw_kp: 32.86695254058621
impact_tau: 0.05
impact_threshold: 0.1
mid_foot_height: 0.04035365095366986
mu: 0.5394085182898759
relative_feet: true
relative_pelvis: true
rest_length: 0.9739036240530025
stance_duration: 0.2
swing_toe_kd: 10
swing_toe_kp: 1500
vel_scale_rot: -0.5
vel_scale_trans_lateral: -0.15
vel_scale_trans_sagital: 1.0
w_accel: 0.0001
w_hip_yaw: 0.875707580415595
w_input: 0.0
w_input_reg: 0.0005387738161234992
w_soft_constraint: 56.674999872454705
w_swing_toe: 1
