FootstepKd: [0.24014605123137836, 0.0, 0.0, 0.0, 0.5215537630402741, 0.0, 0.0, 0.0,
  0.10406524421712957]
LiftoffSwingFootKd: [5, 0, 0, 0, 5, 0, 0, 0, 1]
LiftoffSwingFootKp: [50, 0, 0, 0, 50, 0, 0, 0, 35]
LiftoffSwingFootW: [1, 0, 0, 0, 1, 0, 0, 0, 1]
PelvisKd: [3.313929750151991, 0.0, 0.0, 0.0, 7.291707347196438, 0.0, 0.0, 0.0, 9.813500192113974]
PelvisKp: [38.559293759237576, 0.0, 0.0, 0.0, 9.609034361274885, 0.0, 0.0, 0.0, 50.194944722723434]
PelvisRotKd: [12.210892635723313, 0.0, 0.0, 0.0, 5.513701361351321, 0.0, 0.0, 0.0,
  3.756526642513079]
PelvisRotKp: [400.0, 0, 0, 0, 200.0, 0, 0, 0, 0.0]
PelvisRotW: [5, 0, 0, 0, 1, 0, 0, 0, 5]
PelvisW: [0, 0, 0, 0, 0, 0, 0, 0, 5]
SwingFootKd: [8.052187951590337, 0.0, 0.0, 0.0, 7.941424047902412, 0.0, 0.0, 0.0,
  4.740321014078774]
SwingFootKp: [119.02780136838098, 0.0, 0.0, 0.0, 86.4442874886555, 0.0, 0.0, 0.0,
  68.66666275104173]
SwingFootW: [10, 0, 0, 0, 100, 0, 0, 0, 5]
W_accel: [0.01, 0.01, 0.01, 0.01, 0.01, 0.01, 1, 1, 1, 1, 0.01, 0.01, 0.01, 0.001,
  1, 1, 1, 1, 0.01, 0.01, 0.01, 0.001]
W_input_reg: [1, 0.9, 0.5, 0.1, 5, 1, 0.9, 0.5, 0.1, 5]
W_lambda_c_reg: [1, 0.001, 0.01, 1, 0.001, 0.01, 1, 0.1, 0.01, 1, 0.1, 0.01]
W_lambda_h_reg: [0.01, 0.01, 0.01, 0.01, 0.02, 0.02]
ekf_filter_tau: [0.05, 0.01, 0.01]
flight_duration: 0.1
footstep_lateral_offset: 0.006256616070335045
footstep_sagital_offset: 0.08033678283597007
hip_yaw_kd: 1
hip_yaw_kp: 49.45039358599729
impact_tau: 0.05
impact_threshold: 0.1
mid_foot_height: 0.04698180774188275
mu: 0.5968077063775069
relative_feet: true
relative_pelvis: true
rest_length: 0.965295603135476
stance_duration: 0.2
swing_toe_kd: 10
swing_toe_kp: 1500
vel_scale_rot: -0.5
vel_scale_trans_lateral: -0.15
vel_scale_trans_sagital: 0.25
w_accel: 0.0001
w_hip_yaw: 1.6983797290405045
w_input: 0.0
w_input_reg: 0.00015457437376796958
w_soft_constraint: 239.7104282566615
w_swing_toe: 1
