FootstepKd: [0.3, 0, 0, 0, 0.4, 0, 0, 0, 0]
LiftoffSwingFootKd: [1, 0, 0, 0, 1, 0, 0, 0, 0]
LiftoffSwingFootKp: [50.0, 0, 0, 0, 50.0, 0, 0, 0, 25.0]
LiftoffSwingFootW: [4.898730697522512, 0.0, 0.0, 0.0, 8.875684478053362, 0.0, 0.0,
  0.0, 1.00009386127649773]
PelvisKd: [1, 0, 0, 0, 0, 0, 0, 0, 5]
PelvisKp: [0, 0, 0, 0, 0, 0, 0, 0, 85]
PelvisRotKd: [1.0, 0, 0, 0, 5.0, 0, 0, 0, 1.0]
PelvisRotKp: [50.0, 0, 0, 0, 100.0, 0, 0, 0, 1.0]
PelvisRotW: [1.8267599797810719, 0.0, 0.0, 0.0, 3.8477334733635615, 0.0, 0.0, 0.0,
  0.34454081183859286]
PelvisW: [0.1, 0, 0, 0, 0, 0, 0, 0, 5]
SwingFootKd: [5.0, 0, 0, 0, 5.0, 0, 0, 0, 1.0]
SwingFootKp: [125.0, 0, 0, 0, 80.0, 0, 0, 0, 100.0]
SwingFootW: [7.269772242193404, 0.0, 0.0, 0.0, 8.775354732789877, 0.0, 0.0, 0.0, 4.207052632433897]
W_accel: [0.01, 0.01, 0.01, 0.01, 0.01, 0.01, 1, 1, 1, 1, 0.01, 0.01, 0.01, 0.001,
  1, 1, 1, 1, 0.01, 0.01, 0.01, 0.001]
W_input_reg: [1, 0.9, 0.5, 0.1, 5, 1, 0.9, 0.5, 0.1, 5]
W_lambda_c_reg: [1, 0.001, 0.01, 1, 0.001, 0.01, 1, 0.1, 0.01, 1, 0.1, 0.01]
W_lambda_h_reg: [0.01, 0.01, 0.01, 0.01, 0.02, 0.02]
center_line_offset: -0.07562414926528944
ekf_filter_tau: [0.05, 0.1, 0.01]
flight_duration: 0.08
footstep_offset: -0.0616278401208792
hip_yaw_kd: 1
hip_yaw_kp: 40
impact_threshold: 0.031058496546898063
leg_rest_length: 0.7589273904289638
mid_foot_height: 0.08
mu: 0.4
relative_feet: true
relative_pelvis: true
slip_rest_length: 0.85
stance_duration: 0.30294579134157734
swing_toe_kd: 10
swing_toe_kp: 1500
vel_scale_rot: -0.5
vel_scale_trans_lateral: -0.15
vel_scale_trans_sagital: 0.6
w_accel: 1.9323569255081364e-05
w_hip_yaw: 2.404801763917696
w_input: 0.0
w_input_reg: 0.0008379026259671483
w_soft_constraint: 105.44932351736742
w_swing_toe: 1
