FootstepKd: [0.2, 0, 0, 0, 0.6, 0, 0, 0, 0]
LiftoffSwingFootKd: [1, 0, 0, 0, 1, 0, 0, 0, 0]
LiftoffSwingFootKp: [50.0, 0, 0, 0, 50.0, 0, 0, 0, 50.0]
LiftoffSwingFootW: [0.1, 0, 0, 0, 10, 0, 0, 0, 1]
PelvisKd: [1, 0, 0, 0, 0, 0, 0, 0, 5]
PelvisKp: [0, 0, 0, 0, 0, 0, 0, 0, 85]
PelvisRotKd: [8.007578412812107, 0.0, 0.0, 0.0, 4.913462935995132, 0.0, 0.0, 0.0,
  0.7440873948839031]
PelvisRotKp: [50.0, 0, 0, 0, 100.0, 0, 0, 0, 1.0]
PelvisRotW: [1, 0, 0, 0, 2.5, 0, 0, 0, 0.1]
PelvisW: [0.1, 0, 0, 0, 0, 0, 0, 0, 5]
SwingFootKd: [5.0, 0, 0, 0, 5.0, 0, 0, 0, 1.0]
SwingFootKp: [125.0, 0, 0, 0, 80.0, 0, 0, 0, 50.0]
SwingFootW: [10, 0, 0, 0, 10, 0, 0, 0, 1]
W_accel: [0.01, 0.01, 0.01, 0.01, 0.01, 0.01, 1, 1, 1, 1, 0.01, 0.01, 0.01, 0.001,
  1, 1, 1, 1, 0.01, 0.01, 0.01, 0.001]
W_input_reg: [1, 0.9, 0.5, 0.1, 5, 1, 0.9, 0.5, 0.1, 5]
W_lambda_c_reg: [1, 0.001, 0.01, 1, 0.001, 0.01, 1, 0.1, 0.01, 1, 0.1, 0.01]
W_lambda_h_reg: [0.01, 0.01, 0.01, 0.01, 0.02, 0.02]
center_line_offset: 0.03991021548115632
flight_duration: 0.09540234606274277
footstep_offset: -0.06664347604624206
hip_yaw_kd: 1
hip_yaw_kp: 46.109776573830196
impact_threshold: 0.025
mu: 0.7277522312143554
relative_feet: true
relative_pelvis: true
rest_length: 0.85
stance_duration: 0.27674339686830957
swing_toe_kd: 10
swing_toe_kp: 1500
vel_scale_rot: -0.5
vel_scale_trans_lateral: -0.15
vel_scale_trans_sagital: 0.2
w_accel: 1.0e-05
w_hip_yaw: 3.557575837752117
w_input: 0.0
w_input_reg: 0.0005213211013769204
w_soft_constraint: 185.3467755476298
w_swing_toe: 1
