FootstepKd: [0.2, 0, 0, 0, 0.6, 0, 0, 0, 0]
LiftoffSwingFootKd: [1, 0, 0, 0, 1, 0, 0, 0, 0]
LiftoffSwingFootKp: [50.0, 0, 0, 0, 50.0, 0, 0, 0, 50.0]
LiftoffSwingFootW: [6.322440230563972, 0.0, 0.0, 0.0, 8.993672023870989, 0.0, 0.0,
  0.0, 1.734133659416978]
PelvisKd: [1, 0, 0, 0, 0, 0, 0, 0, 5]
PelvisKp: [0, 0, 0, 0, 0, 0, 0, 0, 75]
PelvisRotKd: [10.0, 0, 0, 0, 5.0, 0, 0, 0, 0.0]
PelvisRotKp: [50.0, 0, 0, 0, 100.0, 0, 0, 0, 1.0]
PelvisRotW: [0.5110557066090032, 0.0, 0.0, 0.0, 3.9209573198037515, 0.0, 0.0, 0.0,
  1.2240961503444014]
PelvisW: [0.1, 0, 0, 0, 0, 0, 0, 0, 5]
SwingFootKd: [5.0, 0, 0, 0, 5.0, 0, 0, 0, 1.0]
SwingFootKp: [125.0, 0, 0, 0, 80.0, 0, 0, 0, 50.0]
SwingFootW: [4.808984643590918, 0.0, 0.0, 0.0, 7.587482274675776, 0.0, 0.0, 0.0, 0.1847132353267522]
W_accel: [0.01, 0.01, 0.01, 0.01, 0.01, 0.01, 1, 1, 1, 1, 0.01, 0.01, 0.01, 0.001,
  1, 1, 1, 1, 0.01, 0.01, 0.01, 0.001]
W_input_reg: [1, 0.9, 0.5, 0.1, 5, 1, 0.9, 0.5, 0.1, 5]
W_lambda_c_reg: [1, 0.001, 0.01, 1, 0.001, 0.01, 1, 0.1, 0.01, 1, 0.1, 0.01]
W_lambda_h_reg: [0.01, 0.01, 0.01, 0.01, 0.02, 0.02]
center_line_offset: 0.05
ekf_filter_tau: [0.02633446032692358, 0.0, 0.0, 0.0, 0.07060155525047082, 0.0, 0.0,
  0.0, 0.04205462025236817]
flight_duration: 0.08
footstep_offset: -0.06885692335510914
hip_yaw_kd: 1
hip_yaw_kp: 40
impact_threshold: 0.014728618928927382
mid_foot_height: 0.03
mu: 0.6850430136891841
relative_feet: true
relative_pelvis: true
rest_length: 0.85
stance_duration: 0.3
swing_toe_kd: 10
swing_toe_kp: 1500
vel_scale_rot: -0.5
vel_scale_trans_lateral: -0.15
vel_scale_trans_sagital: 0.2
w_accel: 3.415131452923321e-05
w_hip_yaw: 1.2329995123069186
w_input: 0.0
w_input_reg: 0.00015678365454145407
w_soft_constraint: 265.76721638554557
w_swing_toe: 0.44285002839273585
