FootstepKd: [0.3, 0, 0, 0, 0.4, 0, 0, 0, 0]
LiftoffSwingFootKd: [1, 0, 0, 0, 1, 0, 0, 0, 0]
LiftoffSwingFootKp: [50.0, 0, 0, 0, 50.0, 0, 0, 0, 50.0]
LiftoffSwingFootW: [7.144166007860841, 0.0, 0.0, 0.0, 8.596750916240502, 0.0, 0.0,
  0.0, 1.4076824740242297]
PelvisKd: [1, 0, 0, 0, 0, 0, 0, 0, 5]
PelvisKp: [0, 0, 0, 0, 0, 0, 0, 0, 85]
PelvisRotKd: [10.0, 0, 0, 0, 5.0, 0, 0, 0, 0.0]
PelvisRotKp: [50.0, 0, 0, 0, 100.0, 0, 0, 0, 1.0]
PelvisRotW: [0.6364374014159452, 0.0, 0.0, 0.0, 4.997119812582846, 0.0, 0.0, 0.0,
  3.460720520954281]
PelvisW: [0.1, 0, 0, 0, 0, 0, 0, 0, 5]
SwingFootKd: [5.0, 0, 0, 0, 5.0, 0, 0, 0, 1.0]
SwingFootKp: [125.0, 0, 0, 0, 80.0, 0, 0, 0, 100.0]
SwingFootW: [7.538167086337688, 0.0, 0.0, 0.0, 6.1943522883064235, 0.0, 0.0, 0.0,
  0.30982473652366876]
W_accel: [0.01, 0.01, 0.01, 0.01, 0.01, 0.01, 1, 1, 1, 1, 0.01, 0.01, 0.01, 0.001,
  1, 1, 1, 1, 0.01, 0.01, 0.01, 0.001]
W_input_reg: [1, 0.9, 0.5, 0.1, 5, 1, 0.9, 0.5, 0.1, 5]
W_lambda_c_reg: [1, 0.001, 0.01, 1, 0.001, 0.01, 1, 0.1, 0.01, 1, 0.1, 0.01]
W_lambda_h_reg: [0.01, 0.01, 0.01, 0.01, 0.02, 0.02]
center_line_offset: -0.0928432911384609
ekf_filter_tau: [0.05, 0.1, 0.01]
flight_duration: 0.08
footstep_offset: -0.012320997242337556
hip_yaw_kd: 1
hip_yaw_kp: 40
impact_threshold: 0.0056836061741421945
leg_rest_length: 0.7428311641420621
mid_foot_height: 0.025207261756909058
mu: 0.6
relative_feet: true
relative_pelvis: true
slip_rest_length: 0.85
stance_duration: 0.360593719177106
swing_toe_kd: 10
swing_toe_kp: 1500
vel_scale_rot: -0.5
vel_scale_trans_lateral: -0.15
vel_scale_trans_sagital: 0.6
w_accel: 1.4667819237751144e-05
w_hip_yaw: 2.372629080594821
w_input: 0.0
w_input_reg: 0.0028058089238522156
w_soft_constraint: 196.4314177420529
w_swing_toe: 1
