FootstepKd: [0.03177352249613004, 0.0, 0.0, 0.0, 0.4389937568136904, 0.0, 0.0, 0.0,
  0.12716547061955297]
LiftoffSwingFootKd: [5, 0, 0, 0, 5, 0, 0, 0, 1]
LiftoffSwingFootKp: [50, 0, 0, 0, 50, 0, 0, 0, 35]
LiftoffSwingFootW: [1, 0, 0, 0, 1, 0, 0, 0, 1]
PelvisKd: [0.5890737665487785, 0.0, 0.0, 0.0, 0.3065697740681626, 0.0, 0.0, 0.0, 3.575709536524337]
PelvisKp: [16.038541830836348, 0.0, 0.0, 0.0, 3.9843429704843962, 0.0, 0.0, 0.0, 51.84941416797943]
PelvisRotKd: [10.004676756212609, 0.0, 0.0, 0.0, 3.3726977593874716, 0.0, 0.0, 0.0,
  4.360440654654406]
PelvisRotKp: [400.0, 0, 0, 0, 200.0, 0, 0, 0, 0.0]
PelvisRotW: [5, 0, 0, 0, 1, 0, 0, 0, 5]
PelvisW: [0, 0, 0, 0, 0, 0, 0, 0, 5]
SwingFootKd: [7.706143205070923, 0.0, 0.0, 0.0, 5.241286582894659, 0.0, 0.0, 0.0,
  1.127060223432193]
SwingFootKp: [145.14247825584522, 0.0, 0.0, 0.0, 79.71734912124174, 0.0, 0.0, 0.0,
  71.26378559542337]
SwingFootW: [10, 0, 0, 0, 100, 0, 0, 0, 5]
W_accel: [0.01, 0.01, 0.01, 0.01, 0.01, 0.01, 1, 1, 1, 1, 0.01, 0.01, 0.01, 0.001,
  1, 1, 1, 1, 0.01, 0.01, 0.01, 0.001]
W_input_reg: [1, 0.9, 0.5, 0.1, 5, 1, 0.9, 0.5, 0.1, 5]
W_lambda_c_reg: [1, 0.001, 0.01, 1, 0.001, 0.01, 1, 0.1, 0.01, 1, 0.1, 0.01]
W_lambda_h_reg: [0.01, 0.01, 0.01, 0.01, 0.02, 0.02]
ekf_filter_tau: [0.05, 0.01, 0.01]
flight_duration: 0.1
footstep_lateral_offset: 0.011344974721002179
footstep_sagital_offset: 0.006634618253487809
hip_yaw_kd: 1
hip_yaw_kp: 34.98541652922292
impact_tau: 0.05
impact_threshold: 0.1
mid_foot_height: 0.05032695569729413
mu: 0.4715404404999052
relative_feet: true
relative_pelvis: true
rest_length: 0.9560136356226284
stance_duration: 0.2
swing_toe_kd: 10
swing_toe_kp: 1500
vel_scale_rot: -0.5
vel_scale_trans_lateral: -0.15
vel_scale_trans_sagital: 0.25
w_accel: 0.0001
w_hip_yaw: 5.41862598246515
w_input: 0.0
w_input_reg: 0.00022359024445701495
w_soft_constraint: 70.59455850641295
w_swing_toe: 1
