FootstepKd: [0.28910336679523946, 0.0, 0.0, 0.0, 0.5112178517397016, 0.0, 0.0, 0.0,
  0.3166509796509417]
LiftoffSwingFootKd: [1, 0, 0, 0, 1, 0, 0, 0, 0]
LiftoffSwingFootKp: [50.0, 0, 0, 0, 50.0, 0, 0, 0, 50.0]
LiftoffSwingFootW: [0.1, 0, 0, 0, 10, 0, 0, 0, 1]
PelvisKd: [1, 0, 0, 0, 0, 0, 0, 0, 5]
PelvisKp: [0, 0, 0, 0, 0, 0, 0, 0, 85]
PelvisRotKd: [10.0, 0, 0, 0, 5.0, 0, 0, 0, 0.0]
PelvisRotKp: [50.0, 0, 0, 0, 100.0, 0, 0, 0, 0.0]
PelvisRotW: [1, 0, 0, 0, 2.5, 0, 0, 0, 0.1]
PelvisW: [0.1, 0, 0, 0, 0, 0, 0, 0, 5]
SwingFootKd: [5.536817809152063, 0.0, 0.0, 0.0, 10.070248157027194, 0.0, 0.0, 0.0,
  6.803172290271984]
SwingFootKp: [132.83922083157395, 0.0, 0.0, 0.0, 128.500849333657, 0.0, 0.0, 0.0,
  72.69194792349245]
SwingFootW: [10, 0, 0, 0, 10, 0, 0, 0, 1]
W_accel: [0.01, 0.01, 0.01, 0.01, 0.01, 0.01, 1, 1, 1, 1, 0.01, 0.01, 0.01, 0.001,
  1, 1, 1, 1, 0.01, 0.01, 0.01, 0.001]
W_input_reg: [1, 0.9, 0.5, 0.1, 5, 1, 0.9, 0.5, 0.1, 5]
W_lambda_c_reg: [1, 0.001, 0.01, 1, 0.001, 0.01, 1, 0.1, 0.01, 1, 0.1, 0.01]
W_lambda_h_reg: [0.01, 0.01, 0.01, 0.01, 0.02, 0.02]
center_line_offset: 0.010111174272404566
flight_duration: 0.08
footstep_offset: -0.05
hip_yaw_kd: 1
hip_yaw_kp: 40
impact_threshold: 0.025
mu: 0.6
relative_feet: true
relative_pelvis: true
rest_length: 0.85
stance_duration: 0.3
swing_toe_kd: 10
swing_toe_kp: 1500
vel_scale_rot: -0.5
vel_scale_trans_lateral: -0.15
vel_scale_trans_sagital: 0.2
w_accel: 1.0e-05
w_hip_yaw: 2.5
w_input: 0.0
w_input_reg: 0.001
w_soft_constraint: 100
w_swing_toe: 1
